Theta [deg.]  Phi   [deg.]  Abs(Grlz)[dBi   ]   Abs(Theta)[dBi   ]  Phase(Theta)[deg.]  Abs(Phi  )[dBi   ]  Phase(Phi  )[deg.]  Ax.Ratio[dB    ]    
------------------------------------------------------------------------------------------------------------------------------------------------------
   0.000         180.000           -1.352e+01          -1.588e+01              79.977          -1.730e+01              57.062           1.399e+01     
   1.000         180.000           -1.362e+01          -1.611e+01              95.526          -1.721e+01              73.256           1.419e+01     
   2.000         180.000           -1.364e+01          -1.625e+01             111.601          -1.709e+01              89.393           1.419e+01     
   3.000         180.000           -1.357e+01          -1.624e+01             127.761          -1.694e+01             105.379           1.410e+01     
   4.000         180.000           -1.341e+01          -1.610e+01             143.469          -1.677e+01             121.142           1.412e+01     
   5.000         180.000           -1.320e+01          -1.586e+01             158.316          -1.659e+01             136.648           1.439e+01     
   6.000         180.000           -1.298e+01          -1.561e+01             172.158          -1.641e+01             151.894           1.500e+01     
   7.000         180.000           -1.279e+01          -1.539e+01             185.112          -1.624e+01             166.905           1.595e+01     
   8.000         180.000           -1.265e+01          -1.527e+01             197.431          -1.609e+01             181.716           1.724e+01     
   9.000         180.000           -1.258e+01          -1.525e+01             209.472          -1.596e+01             196.358           1.882e+01     
  10.000         180.000           -1.258e+01          -1.535e+01             221.606          -1.584e+01             210.853           2.054e+01     
  11.000         180.000           -1.262e+01          -1.553e+01             234.181          -1.573e+01             225.205           2.211e+01     
  12.000         180.000           -1.268e+01          -1.575e+01             247.467          -1.563e+01             239.401           2.304e+01     
  13.000         180.000           -1.272e+01          -1.595e+01             261.570          -1.553e+01             253.390           2.292e+01     
  14.000         180.000           -1.272e+01          -1.604e+01             276.363          -1.544e+01             267.204           2.195e+01     
  15.000         180.000           -1.266e+01          -1.599e+01             291.419          -1.537e+01             280.793           2.065e+01     
  16.000         180.000           -1.252e+01          -1.578e+01             306.200          -1.531e+01             294.140           1.954e+01     
  17.000         180.000           -1.235e+01          -1.546e+01             320.256          -1.526e+01             307.233           1.885e+01     
  18.000         180.000           -1.215e+01          -1.509e+01             333.389          -1.524e+01             320.072           1.866e+01     
  19.000         180.000           -1.198e+01          -1.475e+01             345.657          -1.524e+01             332.658           1.888e+01     
  20.000         180.000           -1.185e+01          -1.448e+01             357.285          -1.526e+01             344.998           1.940e+01     
  21.000         180.000           -1.177e+01          -1.431e+01               8.579          -1.531e+01             357.093           2.001e+01     
  22.000         180.000           -1.177e+01          -1.425e+01              19.850          -1.538e+01               8.942           2.048e+01     
  23.000         180.000           -1.182e+01          -1.427e+01              31.392          -1.547e+01              20.532           2.052e+01     
  24.000         180.000           -1.191e+01          -1.435e+01              43.429          -1.557e+01              31.829           1.995e+01     
  25.000         180.000           -1.201e+01          -1.445e+01              56.075          -1.567e+01              42.786           1.876e+01     
  26.000         180.000           -1.210e+01          -1.453e+01              69.287          -1.578e+01              53.345           1.717e+01     
  27.000         180.000           -1.214e+01          -1.453e+01              82.850          -1.588e+01              63.439           1.545e+01     
  28.000         180.000           -1.214e+01          -1.445e+01              96.433          -1.598e+01              73.004           1.381e+01     
  29.000         180.000           -1.208e+01          -1.430e+01             109.706          -1.606e+01              81.976           1.235e+01     
  30.000         180.000           -1.200e+01          -1.413e+01             122.447          -1.612e+01              90.324           1.108e+01     
  31.000         180.000           -1.192e+01          -1.398e+01             134.603          -1.614e+01              98.027           9.945e+00     
  32.000         180.000           -1.186e+01          -1.390e+01             146.270          -1.611e+01             105.093           8.870e+00     
  33.000         180.000           -1.184e+01          -1.392e+01             157.652          -1.602e+01             111.568           7.782e+00     
  34.000         180.000           -1.186e+01          -1.407e+01             169.013          -1.585e+01             117.536           6.625e+00     
  35.000         180.000           -1.191e+01          -1.434e+01             180.651          -1.559e+01             123.122           5.374e+00     
  36.000         180.000           -1.197e+01          -1.474e+01             192.879          -1.523e+01             128.474           4.048e+00     
  37.000         180.000           -1.198e+01          -1.523e+01             205.993          -1.477e+01             133.745           2.774e+00     
  38.000         180.000           -1.191e+01          -1.576e+01             220.227          -1.422e+01             139.081           2.047e+00     
  39.000         180.000           -1.172e+01          -1.627e+01             235.663          -1.360e+01             144.591           2.678e+00     
  40.000         180.000           -1.140e+01          -1.671e+01             252.159          -1.292e+01             150.343           4.218e+00     
  41.000         180.000           -1.096e+01          -1.701e+01             269.361          -1.220e+01             156.364           6.106e+00     
  42.000         180.000           -1.042e+01          -1.718e+01             286.848          -1.145e+01             162.651           8.221e+00     
  43.000         180.000           -9.823e+00          -1.726e+01             304.359          -1.069e+01             169.179           1.062e+01     
  44.000         180.000           -9.198e+00          -1.730e+01             321.873          -9.929e+00             175.921           1.349e+01     
  45.000         180.000           -8.556e+00          -1.730e+01             339.756          -9.179e+00             182.815           1.735e+01     
  46.000         180.000           -7.908e+00          -1.724e+01             358.330          -8.446e+00             189.832           2.384e+01     
  47.000         180.000           -7.253e+00          -1.705e+01              17.775          -7.734e+00             196.931           4.000e+01     
  48.000         180.000           -6.591e+00          -1.660e+01              37.780          -7.048e+00             204.081           2.293e+01     
  49.000         180.000           -5.922e+00          -1.583e+01              57.512          -6.389e+00             211.249           1.730e+01     
  50.000         180.000           -5.248e+00          -1.478e+01              76.001          -5.761e+00             218.410           1.400e+01     
  51.000         180.000           -4.576e+00          -1.356e+01              92.648          -5.163e+00             225.541           1.171e+01     
  52.000         180.000           -3.914e+00          -1.229e+01             107.369          -4.596e+00             232.619           9.987e+00     
  53.000         180.000           -3.269e+00          -1.105e+01             120.404          -4.062e+00             239.627           8.640e+00     
  54.000         180.000           -2.650e+00          -9.887e+00             132.100          -3.559e+00             246.548           7.559e+00     
  55.000         180.000           -2.063e+00          -8.830e+00             142.779          -3.090e+00             253.366           6.674e+00     
  56.000         180.000           -1.514e+00          -7.879e+00             152.707          -2.654e+00             260.068           5.940e+00     
  57.000         180.000           -1.004e+00          -7.030e+00             162.082          -2.252e+00             266.639           5.319e+00     
  58.000         180.000           -5.369e-01          -6.275e+00             171.045          -1.885e+00             273.069           4.788e+00     
  59.000         180.000           -1.119e-01          -5.603e+00             179.695          -1.553e+00             279.344           4.325e+00     
  60.000         180.000            2.705e-01          -5.004e+00             188.094          -1.259e+00             285.455           3.918e+00     
  61.000         180.000            6.109e-01          -4.470e+00             196.272          -1.003e+00             291.388           3.557e+00     
  62.000         180.000            9.086e-01          -3.994e+00             204.247          -7.882e-01             297.136           3.237e+00     
  63.000         180.000            1.163e+00          -3.571e+00             212.015          -6.165e-01             302.688           2.956e+00     
  64.000         180.000            1.373e+00          -3.198e+00             219.569          -4.910e-01             308.030           2.718e+00     
  65.000         180.000            1.537e+00          -2.876e+00             226.895          -4.151e-01             313.151           2.528e+00     
  66.000         180.000            1.650e+00          -2.607e+00             233.982          -3.934e-01             318.038           2.394e+00     
  67.000         180.000            1.708e+00          -2.394e+00             240.823          -4.309e-01             322.673           2.327e+00     
  68.000         180.000            1.706e+00          -2.242e+00             247.416          -5.340e-01             327.039           2.335e+00     
  69.000         180.000            1.635e+00          -2.160e+00             253.768          -7.109e-01             331.111           2.424e+00     
  70.000         180.000            1.487e+00          -2.156e+00             259.894          -9.714e-01             334.856           2.599e+00     
  71.000         180.000            1.249e+00          -2.242e+00             265.817          -1.328e+00             338.229           2.864e+00     
  72.000         180.000            9.077e-01          -2.429e+00             271.575          -1.799e+00             341.166           3.227e+00     
  73.000         180.000            4.430e-01          -2.737e+00             277.219          -2.404e+00             343.570           3.707e+00     
  74.000         180.000           -1.706e-01          -3.186e+00             282.829          -3.175e+00             345.291           4.345e+00     
  75.000         180.000           -9.675e-01          -3.808e+00             288.527          -4.154e+00             346.072           5.219e+00     
  76.000         180.000           -1.995e+00          -4.645e+00             294.513          -5.398e+00             345.454           6.493e+00     
  77.000         180.000           -3.319e+00          -5.760e+00             301.137          -6.984e+00             342.526           8.570e+00     
  78.000         180.000           -5.014e+00          -7.247e+00             309.098          -8.973e+00             335.366           1.283e+01     
  79.000         180.000           -7.096e+00          -9.233e+00             319.948          -1.120e+01             319.953           4.000e+01     
  80.000         180.000           -9.097e+00          -1.179e+01             337.534          -1.245e+01             292.101           7.598e+00     
  81.000         180.000           -9.266e+00          -1.413e+01               9.868          -1.098e+01             262.084           4.209e+00     
  82.000         180.000           -6.943e+00          -1.324e+01              52.450          -8.105e+00             243.663           2.162e+01     
  83.000         180.000           -4.017e+00          -9.831e+00              80.107          -5.337e+00             234.184           1.398e+01     
  84.000         180.000           -1.400e+00          -6.569e+00              94.546          -2.974e+00             229.125           8.557e+00     
  85.000         180.000            8.233e-01          -3.884e+00             102.987          -9.700e-01             226.230           6.176e+00     
  86.000         180.000            2.721e+00          -1.664e+00             108.531           7.534e-01             224.446           4.778e+00     
  87.000         180.000            4.365e+00           2.129e-01             112.447           2.257e+00             223.248           3.843e+00     
  88.000         180.000            5.808e+00           1.833e+00             115.321           3.586e+00             222.350           3.168e+00     
  89.000         180.000            7.089e+00           3.252e+00             117.453           4.772e+00             221.584           2.654e+00     
  90.000         180.000            8.236e+00           4.512e+00             119.012           5.839e+00             220.847           2.247e+00     
  91.000         180.000            9.270e+00           5.639e+00             120.099           6.803e+00             220.072           1.918e+00     
  92.000         180.000            1.021e+01           6.654e+00             120.779           7.678e+00             219.213           1.644e+00     
  93.000         180.000            1.106e+01           7.572e+00             121.095           8.475e+00             218.237           1.413e+00     
  94.000         180.000            1.183e+01           8.405e+00             121.077           9.201e+00             217.124           1.216e+00     
  95.000         180.000            1.254e+01           9.162e+00             120.746           9.863e+00             215.854           1.046e+00     
  96.000         180.000            1.318e+01           9.850e+00             120.118           1.047e+01             214.417           8.979e-01     
  97.000         180.000            1.376e+01           1.047e+01             119.205           1.101e+01             212.801           7.681e-01     
  98.000         180.000            1.429e+01           1.104e+01             118.016           1.151e+01             211.002           6.538e-01     
  99.000         180.000            1.477e+01           1.155e+01             116.560           1.196e+01             209.012           5.529e-01     
 100.000         180.000            1.520e+01           1.201e+01             114.841           1.236e+01             206.827           4.636e-01     
 101.000         180.000            1.559e+01           1.242e+01             112.867           1.272e+01             204.445           3.845e-01     
 102.000         180.000            1.592e+01           1.279e+01             110.641           1.304e+01             201.862           3.145e-01     
 103.000         180.000            1.622e+01           1.310e+01             108.167           1.332e+01             199.078           2.529e-01     
 104.000         180.000            1.648e+01           1.338e+01             105.449           1.355e+01             196.090           1.990e-01     
 105.000         180.000            1.669e+01           1.361e+01             102.491           1.375e+01             192.899           1.526e-01     
 106.000         180.000            1.686e+01           1.380e+01              99.294           1.391e+01             189.503           1.137e-01     
 107.000         180.000            1.700e+01           1.395e+01              95.861           1.403e+01             185.902           8.295e-02     
 108.000         180.000            1.710e+01           1.405e+01              92.195           1.411e+01             182.097           6.193e-02     
 109.000         180.000            1.715e+01           1.412e+01              88.297           1.416e+01             178.087           5.226e-02     
 110.000         180.000            1.717e+01           1.415e+01              84.168           1.417e+01             173.874           5.213e-02     
 111.000         180.000            1.715e+01           1.413e+01              79.810           1.415e+01             169.458           5.596e-02     
 112.000         180.000            1.709e+01           1.407e+01              75.223           1.409e+01             164.840           5.907e-02     
 113.000         180.000            1.699e+01           1.398e+01              70.406           1.399e+01             160.020           5.915e-02     
 114.000         180.000            1.685e+01           1.384e+01              65.358           1.385e+01             155.002           5.554e-02     
 115.000         180.000            1.667e+01           1.365e+01              60.079           1.367e+01             149.785           4.931e-02     
 116.000         180.000            1.645e+01           1.343e+01              54.566           1.346e+01             144.373           4.528e-02     
 117.000         180.000            1.619e+01           1.315e+01              48.818           1.321e+01             138.767           5.337e-02     
 118.000         180.000            1.589e+01           1.284e+01              42.830           1.291e+01             132.969           7.889e-02     
 119.000         180.000            1.554e+01           1.247e+01              36.601           1.258e+01             126.983           1.190e-01     
 120.000         180.000            1.514e+01           1.206e+01              30.128           1.220e+01             120.811           1.715e-01     
 121.000         180.000            1.470e+01           1.160e+01              23.406           1.177e+01             114.457           2.355e-01     
 122.000         180.000            1.421e+01           1.109e+01              16.433           1.130e+01             107.926           3.114e-01     
 123.000         180.000            1.366e+01           1.052e+01               9.206           1.078e+01             101.222           3.998e-01     
 124.000         180.000            1.306e+01           9.898e+00               1.723           1.020e+01              94.350           5.015e-01     
 125.000         180.000            1.241e+01           9.215e+00             353.980           9.569e+00              87.317           6.179e-01     
 126.000         180.000            1.168e+01           8.466e+00             345.973           8.872e+00              80.132           7.507e-01     
 127.000         180.000            1.089e+01           7.645e+00             337.699           8.107e+00              72.806           9.027e-01     
 128.000         180.000            1.002e+01           6.744e+00             329.146           7.265e+00              65.350           1.078e+00     
 129.000         180.000            9.063e+00           5.749e+00             320.297           6.337e+00              57.785           1.282e+00     
 130.000         180.000            8.001e+00           4.646e+00             311.123           5.310e+00              50.134           1.525e+00     
 131.000         180.000            6.816e+00           3.411e+00             301.569           4.167e+00              42.431           1.823e+00     
 132.000         180.000            5.482e+00           2.016e+00             291.542           2.883e+00              34.731           2.199e+00     
 133.000         180.000            3.962e+00           4.173e-01             280.875           1.427e+00              27.115           2.697e+00     
 134.000         180.000            2.203e+00          -1.447e+00             269.256          -2.503e-01              19.726           3.399e+00     
 135.000         180.000            1.241e-01          -3.667e+00             256.066          -2.225e+00              12.824           4.471e+00     
 136.000         180.000           -2.398e+00          -6.370e+00             239.938          -4.621e+00               6.954           6.334e+00     
 137.000         180.000           -5.534e+00          -9.658e+00             217.513          -7.659e+00               3.444           1.055e+01     
 138.000         180.000           -9.286e+00          -1.299e+01             181.261          -1.170e+01               6.369           2.711e+01     
 139.000         180.000           -1.176e+01          -1.354e+01             131.495          -1.648e+01              30.305           3.413e+00     
 140.000         180.000           -9.887e+00          -1.113e+01              93.729          -1.593e+01              77.039           1.799e+01     
 141.000         180.000           -6.930e+00          -8.652e+00              70.026          -1.178e+01              93.689           1.418e+01     
 142.000         180.000           -4.608e+00          -6.765e+00              52.606          -8.681e+00              93.863           8.762e+00     
 143.000         180.000           -2.889e+00          -5.376e+00              37.884          -6.494e+00              88.714           6.576e+00     
 144.000         180.000           -1.602e+00          -4.354e+00              24.394          -4.887e+00              81.332           5.346e+00     
 145.000         180.000           -6.250e-01          -3.605e+00              11.466          -3.666e+00              72.792           4.541e+00     
 146.000         180.000            1.238e-01          -3.060e+00             358.759          -2.720e+00              63.550           3.967e+00     
 147.000         180.000            6.990e-01          -2.669e+00             346.099          -1.981e+00              53.833           3.535e+00     
 148.000         180.000            1.139e+00          -2.397e+00             333.406          -1.403e+00              43.771           3.201e+00     
 149.000         180.000            1.470e+00          -2.215e+00             320.664          -9.570e-01              33.444           2.942e+00     
 150.000         180.000            1.711e+00          -2.104e+00             307.894          -6.209e-01              22.904           2.745e+00     
 151.000         180.000            1.874e+00          -2.055e+00             295.142          -3.794e-01              12.184           2.604e+00     
 152.000         180.000            1.966e+00          -2.062e+00             282.457          -2.209e-01               1.310           2.515e+00     
 153.000         180.000            1.990e+00          -2.130e+00             269.882          -1.371e-01             350.299           2.478e+00     
 154.000         180.000            1.949e+00          -2.264e+00             257.433          -1.207e-01             339.161           2.492e+00     
 155.000         180.000            1.842e+00          -2.474e+00             245.104          -1.661e-01             327.904           2.560e+00     
 156.000         180.000            1.668e+00          -2.772e+00             232.857          -2.687e-01             316.533           2.686e+00     
 157.000         180.000            1.428e+00          -3.167e+00             220.626          -4.245e-01             305.051           2.874e+00     
 158.000         180.000            1.122e+00          -3.667e+00             208.311          -6.300e-01             293.463           3.129e+00     
 159.000         180.000            7.538e-01          -4.279e+00             195.790          -8.820e-01             281.768           3.454e+00     
 160.000         180.000            3.288e-01          -5.002e+00             182.914          -1.177e+00             269.970           3.852e+00     
 161.000         180.000           -1.452e-01          -5.829e+00             169.516          -1.513e+00             258.072           4.322e+00     
 162.000         180.000           -6.570e-01          -6.743e+00             155.437          -1.885e+00             246.082           4.859e+00     
 163.000         180.000           -1.195e+00          -7.715e+00             140.559          -2.290e+00             234.014           5.453e+00     
 164.000         180.000           -1.749e+00          -8.707e+00             124.854          -2.726e+00             221.886           6.090e+00     
 165.000         180.000           -2.312e+00          -9.682e+00             108.440          -3.191e+00             209.723           6.755e+00     
 166.000         180.000           -2.883e+00          -1.062e+01              91.583          -3.684e+00             197.551           7.439e+00     
 167.000         180.000           -3.467e+00          -1.153e+01              74.628          -4.205e+00             185.395           8.144e+00     
 168.000         180.000           -4.074e+00          -1.246e+01              57.838          -4.754e+00             173.279           8.900e+00     
 169.000         180.000           -4.718e+00          -1.350e+01              41.244          -5.335e+00             161.225           9.778e+00     
 170.000         180.000           -5.409e+00          -1.476e+01              24.528          -5.946e+00             149.255           1.091e+01     
 171.000         180.000           -6.151e+00          -1.634e+01               6.830          -6.588e+00             137.392           1.254e+01     
 172.000         180.000           -6.936e+00          -1.834e+01             346.316          -7.262e+00             125.660           1.519e+01     
 173.000         180.000           -7.740e+00          -2.064e+01             319.350          -7.968e+00             114.088           2.045e+01     
 174.000         180.000           -8.518e+00          -2.227e+01             281.884          -8.705e+00             102.711           4.000e+01     
 175.000         180.000           -9.213e+00          -2.159e+01             241.278          -9.472e+00              91.571           1.846e+01     
 176.000         180.000           -9.770e+00          -1.945e+01             211.047          -1.026e+01              80.718           1.200e+01     
 177.000         180.000           -1.017e+01          -1.739e+01             190.249          -1.108e+01              70.221           8.155e+00     
 178.000         180.000           -1.043e+01          -1.582e+01             174.415          -1.191e+01              60.161           5.539e+00     
 179.000         180.000           -1.062e+01          -1.474e+01             160.975          -1.274e+01              50.632           3.754e+00     
 180.000         180.000           -1.081e+01          -1.407e+01             148.569          -1.357e+01              41.723           2.640e+00     
-179.000         180.000           -1.105e+01          -1.375e+01             136.348          -1.439e+01              33.512           2.066e+00     
-178.000         180.000           -1.138e+01          -1.372e+01             123.675          -1.518e+01              26.044           1.869e+00     
-177.000         180.000           -1.179e+01          -1.391e+01             110.006          -1.592e+01              19.282           2.018e+00     
-176.000         180.000           -1.223e+01          -1.421e+01              94.890          -1.659e+01              13.123           2.698e+00     
-175.000         180.000           -1.261e+01          -1.448e+01              78.148          -1.716e+01               7.373           4.036e+00     
-174.000         180.000           -1.283e+01          -1.457e+01              60.148          -1.763e+01               1.760           5.994e+00     
-173.000         180.000           -1.281e+01          -1.438e+01              41.900          -1.799e+01             355.952           8.463e+00     
-172.000         180.000           -1.256e+01          -1.393e+01              24.559          -1.826e+01             349.714           1.130e+01     
-171.000         180.000           -1.217e+01          -1.333e+01               8.897          -1.846e+01             342.760           1.425e+01     
-170.000         180.000           -1.173e+01          -1.273e+01             355.013          -1.861e+01             334.925           1.699e+01     
-169.000         180.000           -1.134e+01          -1.221e+01             342.599          -1.875e+01             326.110           1.911e+01     
-168.000         180.000           -1.105e+01          -1.184e+01             331.207          -1.887e+01             316.277           2.030e+01     
-167.000         180.000           -1.089e+01          -1.163e+01             320.387          -1.898e+01             305.428           2.050e+01     
-166.000         180.000           -1.086e+01          -1.157e+01             309.760          -1.908e+01             293.622           1.996e+01     
-165.000         180.000           -1.094e+01          -1.165e+01             298.959          -1.916e+01             280.949           1.902e+01     
-164.000         180.000           -1.110e+01          -1.183e+01             287.736          -1.921e+01             267.535           1.793e+01     
-163.000         180.000           -1.130e+01          -1.207e+01             275.923          -1.922e+01             253.531           1.689e+01     
-162.000         180.000           -1.150e+01          -1.231e+01             263.493          -1.917e+01             239.106           1.596e+01     
-161.000         180.000           -1.164e+01          -1.251e+01             250.579          -1.908e+01             224.433           1.516e+01     
-160.000         180.000           -1.172e+01          -1.263e+01             237.452          -1.894e+01             209.677           1.447e+01     
-159.000         180.000           -1.172e+01          -1.268e+01             224.428          -1.877e+01             194.988           1.382e+01     
-158.000         180.000           -1.169e+01          -1.268e+01             211.712          -1.857e+01             180.460           1.317e+01     
-157.000         180.000           -1.164e+01          -1.268e+01             199.380          -1.835e+01             166.192           1.252e+01     
-156.000         180.000           -1.161e+01          -1.270e+01             187.331          -1.814e+01             152.221           1.188e+01     
-155.000         180.000           -1.161e+01          -1.276e+01             175.344          -1.795e+01             138.551           1.132e+01     
-154.000         180.000           -1.166e+01          -1.287e+01             163.154          -1.778e+01             125.155           1.087e+01     
-153.000         180.000           -1.172e+01          -1.300e+01             150.527          -1.766e+01             111.994           1.060e+01     
-152.000         180.000           -1.176e+01          -1.309e+01             137.368          -1.758e+01              99.020           1.054e+01     
-151.000         180.000           -1.175e+01          -1.308e+01             123.807          -1.754e+01              86.194           1.070e+01     
-150.000         180.000           -1.165e+01          -1.294e+01             110.209          -1.753e+01              73.462           1.098e+01     
-149.000         180.000           -1.145e+01          -1.267e+01              97.078          -1.757e+01              60.828           1.127e+01     
-148.000         180.000           -1.119e+01          -1.231e+01              84.848          -1.763e+01              48.293           1.146e+01     
-147.000         180.000           -1.091e+01          -1.193e+01              73.732          -1.772e+01              35.874           1.147e+01     
-146.000         180.000           -1.067e+01          -1.160e+01              63.716          -1.784e+01              23.600           1.129e+01     
-145.000         180.000           -1.052e+01          -1.138e+01              54.619          -1.799e+01              11.500           1.096e+01     
-144.000         180.000           -1.050e+01          -1.132e+01              46.166          -1.817e+01             359.598           1.052e+01     
-143.000         180.000           -1.064e+01          -1.144e+01              38.030          -1.839e+01             347.921           1.002e+01     
-142.000         180.000           -1.097e+01          -1.178e+01              29.840          -1.865e+01             336.424           9.466e+00     
-141.000         180.000           -1.149e+01          -1.235e+01              21.129          -1.896e+01             325.112           8.899e+00     
-140.000         180.000           -1.220e+01          -1.313e+01              11.300          -1.932e+01             313.946           8.373e+00     
-139.000         180.000           -1.306e+01          -1.411e+01             359.563          -1.974e+01             302.880           8.014e+00     
-138.000         180.000           -1.397e+01          -1.515e+01             344.991          -2.020e+01             291.868           8.102e+00     
-137.000         180.000           -1.473e+01          -1.599e+01             327.021          -2.071e+01             280.880           9.066e+00     
-136.000         180.000           -1.508e+01          -1.629e+01             306.627          -2.124e+01             269.914           1.120e+01     
-135.000         180.000           -1.489e+01          -1.588e+01             286.686          -2.180e+01             259.023           1.424e+01     
-134.000         180.000           -1.426e+01          -1.500e+01             269.751          -2.235e+01             248.329           1.741e+01     
-133.000         180.000           -1.348e+01          -1.400e+01             256.352          -2.290e+01             237.974           1.989e+01     
-132.000         180.000           -1.273e+01          -1.312e+01             245.755          -2.345e+01             228.202           2.146e+01     
-131.000         180.000           -1.215e+01          -1.244e+01             237.054          -2.401e+01             219.273           2.241e+01     
-130.000         180.000           -1.178e+01          -1.202e+01             229.515          -2.460e+01             211.465           2.319e+01     
-129.000         180.000           -1.165e+01          -1.184e+01             222.580          -2.525e+01             205.069           2.420e+01     
-128.000         180.000           -1.175e+01          -1.192e+01             215.791          -2.598e+01             200.411           2.590e+01     
-127.000         180.000           -1.209e+01          -1.224e+01             208.718          -2.679e+01             197.898           2.937e+01     
-126.000         180.000           -1.265e+01          -1.279e+01             200.888          -2.767e+01             198.041           4.000e+01     
-125.000         180.000           -1.342e+01          -1.356e+01             191.726          -2.850e+01             201.376           3.073e+01     
-124.000         180.000           -1.431e+01          -1.446e+01             180.526          -2.911e+01             208.085           2.158e+01     
-123.000         180.000           -1.519e+01          -1.536e+01             166.599          -2.924e+01             217.226           1.626e+01     
-122.000         180.000           -1.578e+01          -1.600e+01             149.832          -2.877e+01             226.721           1.302e+01     
-121.000         180.000           -1.583e+01          -1.611e+01             131.524          -2.784e+01             234.409           1.198e+01     
-120.000         180.000           -1.530e+01          -1.563e+01             114.148          -2.671e+01             239.477           1.309e+01     
-119.000         180.000           -1.443e+01          -1.478e+01              99.540          -2.559e+01             242.148           1.560e+01     
-118.000         180.000           -1.348e+01          -1.384e+01              88.002          -2.457e+01             242.985           1.880e+01     
-117.000         180.000           -1.262e+01          -1.297e+01              78.980          -2.370e+01             242.470           2.231e+01     
-116.000         180.000           -1.193e+01          -1.228e+01              71.791          -2.299e+01             240.955           2.591e+01     
-115.000         180.000           -1.142e+01          -1.178e+01              65.883          -2.244e+01             238.670           2.939e+01     
-114.000         180.000           -1.112e+01          -1.148e+01              60.857          -2.204e+01             235.755           3.230e+01     
-113.000         180.000           -1.101e+01          -1.139e+01              56.427          -2.178e+01             232.285           3.398e+01     
-112.000         180.000           -1.109e+01          -1.149e+01              52.378          -2.166e+01             228.289           3.390e+01     
-111.000         180.000           -1.138e+01          -1.181e+01              48.539          -2.167e+01             223.757           3.229e+01     
-110.000         180.000           -1.187e+01          -1.234e+01              44.749          -2.179e+01             218.646           2.985e+01     
-109.000         180.000           -1.257e+01          -1.310e+01              40.837          -2.202e+01             212.886           2.714e+01     
-108.000         180.000           -1.351e+01          -1.412e+01              36.577          -2.234e+01             206.382           2.445e+01     
-107.000         180.000           -1.470e+01          -1.544e+01              31.636          -2.273e+01             199.026           2.194e+01     
-106.000         180.000           -1.616e+01          -1.713e+01              25.395          -2.316e+01             190.704           1.979e+01     
-105.000         180.000           -1.789e+01          -1.926e+01              16.666          -2.358e+01             181.358           1.850e+01     
-104.000         180.000           -1.977e+01          -2.187e+01               2.856          -2.394e+01             171.031           1.995e+01     
-103.000         180.000           -2.135e+01          -2.455e+01             338.903          -2.418e+01             159.923           4.000e+01     
-102.000         180.000           -2.183e+01          -2.551e+01             303.554          -2.426e+01             148.431           1.323e+01     
-101.000         180.000           -2.098e+01          -2.382e+01             273.282          -2.416e+01             137.056           7.930e+00     
-100.000         180.000           -1.955e+01          -2.153e+01             255.590          -2.391e+01             126.272           6.988e+00     
 -99.000         180.000           -1.816e+01          -1.963e+01             245.310          -2.356e+01             116.394           7.698e+00     
 -98.000         180.000           -1.701e+01          -1.822e+01             238.705          -2.317e+01             107.547           8.739e+00     
 -97.000         180.000           -1.615e+01          -1.721e+01             234.054          -2.279e+01              99.708           9.735e+00     
 -96.000         180.000           -1.556e+01          -1.655e+01             230.546          -2.245e+01              92.773           1.062e+01     
 -95.000         180.000           -1.522e+01          -1.619e+01             227.755          -2.219e+01              86.603           1.139e+01     
 -94.000         180.000           -1.512e+01          -1.611e+01             225.435          -2.202e+01              81.057           1.207e+01     
 -93.000         180.000           -1.525e+01          -1.629e+01             223.422          -2.195e+01              75.997           1.267e+01     
 -92.000         180.000           -1.562e+01          -1.676e+01             221.582          -2.200e+01              71.299           1.321e+01     
 -91.000         180.000           -1.626e+01          -1.754e+01             219.772          -2.217e+01              66.838           1.368e+01     
 -90.000         180.000           -1.719e+01          -1.871e+01             217.790          -2.248e+01              62.488           1.406e+01     
 -89.000         180.000           -1.847e+01          -2.039e+01             215.250          -2.292e+01              58.108           1.428e+01     
 -88.000         180.000           -2.016e+01          -2.284e+01             211.229          -2.353e+01              53.518           1.414e+01     
 -87.000         180.000           -2.229e+01          -2.661e+01             202.646          -2.430e+01              48.486           1.313e+01     
 -86.000         180.000           -2.453e+01          -3.268e+01             173.056          -2.525e+01              42.680           1.049e+01     
 -85.000         180.000           -2.535e+01          -3.210e+01              95.266          -2.638e+01              35.611           7.697e+00     
 -84.000         180.000           -2.366e+01          -2.586e+01              68.788          -2.767e+01              26.554           8.516e+00     
 -83.000         180.000           -2.112e+01          -2.189e+01              61.618          -2.903e+01              14.541           1.067e+01     
 -82.000         180.000           -1.886e+01          -1.919e+01              59.137          -3.020e+01             358.747           1.241e+01     
 -81.000         180.000           -1.703e+01          -1.722e+01              58.548          -3.079e+01             339.760           1.376e+01     
 -80.000         180.000           -1.560e+01          -1.574e+01              59.014          -3.055e+01             320.583           1.491e+01     
 -79.000         180.000           -1.448e+01          -1.462e+01              60.224          -2.967e+01             304.440           1.602e+01     
 -78.000         180.000           -1.363e+01          -1.378e+01              62.051          -2.858e+01             292.204           1.722e+01     
 -77.000         180.000           -1.302e+01          -1.317e+01              64.458          -2.755e+01             283.108           1.865e+01     
 -76.000         180.000           -1.260e+01          -1.278e+01              67.462          -2.668e+01             276.120           2.056e+01     
 -75.000         180.000           -1.238e+01          -1.257e+01              71.114          -2.603e+01             270.405           2.343e+01     
 -74.000         180.000           -1.232e+01          -1.253e+01              75.510          -2.559e+01             265.352           2.881e+01     
 -73.000         180.000           -1.241e+01          -1.264e+01              80.775          -2.534e+01             260.475           4.000e+01     
 -72.000         180.000           -1.264e+01          -1.289e+01              87.074          -2.527e+01             255.327           2.668e+01     
 -71.000         180.000           -1.298e+01          -1.324e+01              94.596          -2.535e+01             249.525           2.000e+01     
 -70.000         180.000           -1.337e+01          -1.364e+01             103.523          -2.552e+01             242.653           1.589e+01     
 -69.000         180.000           -1.375e+01          -1.404e+01             113.946          -2.569e+01             234.396           1.311e+01     
 -68.000         180.000           -1.403e+01          -1.433e+01             125.744          -2.575e+01             224.705           1.154e+01     
 -67.000         180.000           -1.414e+01          -1.446e+01             138.474          -2.557e+01             214.037           1.143e+01     
 -66.000         180.000           -1.402e+01          -1.438e+01             151.413          -2.506e+01             203.377           1.305e+01     
 -65.000         180.000           -1.372e+01          -1.412e+01             163.811          -2.426e+01             193.825           1.679e+01     
 -64.000         180.000           -1.330e+01          -1.376e+01             175.160          -2.330e+01             186.070           2.488e+01     
 -63.000         180.000           -1.288e+01          -1.341e+01             185.290          -2.228e+01             180.255           3.106e+01     
 -62.000         180.000           -1.252e+01          -1.314e+01             194.273          -2.131e+01             176.185           1.946e+01     
 -61.000         180.000           -1.230e+01          -1.302e+01             202.302          -2.044e+01             173.550           1.495e+01     
 -60.000         180.000           -1.225e+01          -1.311e+01             209.601          -1.970e+01             172.047           1.210e+01     
 -59.000         180.000           -1.241e+01          -1.345e+01             216.395          -1.912e+01             171.427           9.928e+00     
 -58.000         180.000           -1.282e+01          -1.411e+01             222.903          -1.870e+01             171.488           8.057e+00     
 -57.000         180.000           -1.350e+01          -1.518e+01             229.374          -1.844e+01             172.072           6.282e+00     
 -56.000         180.000           -1.450e+01          -1.680e+01             236.184          -1.835e+01             173.044           4.527e+00     
 -55.000         180.000           -1.583e+01          -1.927e+01             244.116          -1.844e+01             174.299           3.238e+00     
 -54.000         180.000           -1.742e+01          -2.331e+01             255.806          -1.872e+01             175.726           4.854e+00     
 -53.000         180.000           -1.892e+01          -3.095e+01             289.677          -1.920e+01             177.209           1.253e+01     
 -52.000         180.000           -1.941e+01          -2.913e+01              32.486          -1.990e+01             178.602           1.502e+01     
 -51.000         180.000           -1.838e+01          -2.200e+01              58.472          -2.084e+01             179.708           5.136e+00     
 -50.000         180.000           -1.659e+01          -1.804e+01              69.142          -2.208e+01             180.216           5.267e+00     
 -49.000         180.000           -1.486e+01          -1.547e+01              76.808          -2.364e+01             179.592           8.464e+00     
 -48.000         180.000           -1.343e+01          -1.370e+01              83.514          -2.559e+01             176.851           1.191e+01     
 -47.000         180.000           -1.235e+01          -1.247e+01              89.907          -2.792e+01             170.084           1.558e+01     
 -46.000         180.000           -1.160e+01          -1.166e+01              96.284          -3.033e+01             156.066           1.996e+01     
 -45.000         180.000           -1.116e+01          -1.120e+01             102.840          -3.173e+01             133.504           2.643e+01     
 -44.000         180.000           -1.101e+01          -1.105e+01             109.737          -3.118e+01             111.368           4.000e+01     
 -43.000         180.000           -1.114e+01          -1.120e+01             117.159          -2.968e+01              98.424           2.846e+01     
 -42.000         180.000           -1.154e+01          -1.163e+01             125.341          -2.831e+01              93.147           2.228e+01     
 -41.000         180.000           -1.222e+01          -1.235e+01             134.622          -2.737e+01              92.411           1.862e+01     
 -40.000         180.000           -1.317e+01          -1.336e+01             145.524          -2.688e+01              94.387           1.585e+01     
 -39.000         180.000           -1.439e+01          -1.464e+01             158.860          -2.684e+01              98.172           1.352e+01     
 -38.000         180.000           -1.578e+01          -1.610e+01             175.825          -2.724e+01             103.347           1.161e+01     
 -37.000         180.000           -1.709e+01          -1.745e+01             197.646          -2.810e+01             109.777           1.066e+01     
 -36.000         180.000           -1.787e+01          -1.818e+01             223.887          -2.951e+01             117.538           1.175e+01     
 -35.000         180.000           -1.774e+01          -1.792e+01             250.667          -3.166e+01             127.193           1.543e+01     
 -34.000         180.000           -1.692e+01          -1.698e+01             273.879          -3.498e+01             140.490           2.083e+01     
 -33.000         180.000           -1.588e+01          -1.589e+01             292.814          -4.052e+01             165.864           2.658e+01     
 -32.000         180.000           -1.494e+01          -1.494e+01             308.682          -4.499e+01             248.911           3.132e+01     
 -31.000         180.000           -1.421e+01          -1.423e+01             322.766          -3.804e+01             304.676           3.399e+01     
 -30.000         180.000           -1.373e+01          -1.377e+01             335.991          -3.343e+01             325.547           3.458e+01     
 -29.000         180.000           -1.346e+01          -1.355e+01             348.993          -3.047e+01             340.594           3.381e+01     
 -28.000         180.000           -1.338e+01          -1.352e+01               2.239          -2.838e+01             354.226           3.225e+01     
 -27.000         180.000           -1.343e+01          -1.364e+01              16.074          -2.678e+01               7.535           3.011e+01     
 -26.000         180.000           -1.358e+01          -1.387e+01              30.754          -2.552e+01              20.871           2.752e+01     
 -25.000         180.000           -1.375e+01          -1.414e+01              46.411          -2.450e+01              34.351           2.470e+01     
 -24.000         180.000           -1.389e+01          -1.437e+01              62.993          -2.365e+01              48.005           2.193e+01     
 -23.000         180.000           -1.394e+01          -1.452e+01              80.231          -2.293e+01              61.839           1.951e+01     
 -22.000         180.000           -1.387e+01          -1.454e+01              97.674          -2.233e+01              75.867           1.758e+01     
 -21.000         180.000           -1.372e+01          -1.445e+01             114.835          -2.183e+01              90.116           1.621e+01     
 -20.000         180.000           -1.352e+01          -1.429e+01             131.371          -2.142e+01             104.635           1.536e+01     
 -19.000         180.000           -1.332e+01          -1.411e+01             147.127          -2.107e+01             119.465           1.494e+01     
 -18.000         180.000           -1.316e+01          -1.398e+01             162.175          -2.078e+01             134.636           1.486e+01     
 -17.000         180.000           -1.308e+01          -1.394e+01             176.707          -2.051e+01             150.152           1.502e+01     
 -16.000         180.000           -1.308e+01          -1.401e+01             190.990          -2.025e+01             165.978           1.532e+01     
 -15.000         180.000           -1.318e+01          -1.419e+01             205.323          -1.999e+01             182.038           1.566e+01     
 -14.000         180.000           -1.335e+01          -1.448e+01             220.015          -1.971e+01             198.222           1.589e+01     
 -13.000         180.000           -1.355e+01          -1.486e+01             235.362          -1.942e+01             214.407           1.588e+01     
 -12.000         180.000           -1.376e+01          -1.525e+01             251.561          -1.911e+01             230.504           1.550e+01     
 -11.000         180.000           -1.391e+01          -1.561e+01             268.686          -1.879e+01             246.375           1.471e+01     
 -10.000         180.000           -1.396e+01          -1.585e+01             286.505          -1.849e+01             262.009           1.370e+01     
  -9.000         180.000           -1.392e+01          -1.593e+01             304.521          -1.821e+01             277.415           1.269e+01     
  -8.000         180.000           -1.378e+01          -1.586e+01             322.130          -1.797e+01             292.644           1.189e+01     
  -7.000         180.000           -1.359e+01          -1.567e+01             338.865          -1.778e+01             307.775           1.141e+01     
  -6.000         180.000           -1.340e+01          -1.546e+01             354.559          -1.764e+01             322.905           1.127e+01     
  -5.000         180.000           -1.326e+01          -1.529e+01               9.302          -1.754e+01             338.123           1.142e+01     
  -4.000         180.000           -1.319e+01          -1.521e+01              23.375          -1.748e+01             353.502           1.182e+01     
  -3.000         180.000           -1.319e+01          -1.524e+01              37.130          -1.744e+01               9.091           1.236e+01     
  -2.000         180.000           -1.327e+01          -1.538e+01              50.936          -1.741e+01              24.904           1.298e+01     
  -1.000         180.000           -1.339e+01          -1.561e+01              65.134          -1.737e+01              40.914           1.356e+01     
